100
1 9
78 469
9 584
1 302
1 122
3 5
411 760
10 907
232 467
1 6
9 302
65 485
8 121
3 109
200 491
1 221
783 978
256 273
1 2
120 484
1 121
379 999
92 231
472 779
3 6
9 122
483 485
21 302
393 875
9 9
285 574
7 10
121 122
1 4
65 742
121 121
7 122
4 10
1 584
547 721
484 485
3 10
303 584
1 1000
121 484
120 221
121 584
1 10
65 121
288 791
1 101
1 1
3 122
8 9
192 914
128 670
221 755
420 919
1 5
3 485
1 104
847 883
86 404
122 1000
118 253
3 121
1 65
120 742
8 10
3 4
8 109
1 742
1 109
82 135
1 485
4 9
10 120
514 634
21 221
100 1000
3 65
65 221
65 584
639 737
65 122
102 159
4 742
120 485
967 1000
3 302
120 121
8 302
21 122
3 104
1 484
122 483
641 807
8 122
9 109
789 828
